0.000   0.0000  -0.0000   0.0000  -0.0000   0.0000  -0.0000   0.5000   0.0000  -0.5000 
0.050   0.0008  -0.0013   0.0004  -0.0004   0.0008  -0.0013   0.4911   0.0014  -0.4911 
0.100   0.0014  -0.0014   0.0007  -0.0007   0.0014  -0.0014   0.4919   0.0018  -0.4920 
0.150   0.0020  -0.0016   0.0010  -0.0010   0.0020  -0.0016   0.4919   0.0021  -0.4921 
0.200   0.0027  -0.0018   0.0014  -0.0014   0.0027  -0.0018   0.4913   0.0026  -0.4916 
0.250   0.0036  -0.0020   0.0018  -0.0018   0.0036  -0.0020   0.4903   0.0032  -0.4907 
0.300   0.0047  -0.0022   0.0024  -0.0024   0.0047  -0.0022   0.4888   0.0040  -0.4894 
0.350   0.0062  -0.0025   0.0031  -0.0031   0.0062  -0.0025   0.4867   0.0050  -0.4877 
0.400   0.0080  -0.0028   0.0040  -0.0040   0.0080  -0.0028   0.4840   0.0064  -0.4855 
0.450   0.0105  -0.0032   0.0052  -0.0052   0.0105  -0.0032   0.4804   0.0081  -0.4827 
0.500   0.0136  -0.0036   0.0068  -0.0068   0.0136  -0.0036   0.4758   0.0102  -0.4791 
0.550   0.0176  -0.0040   0.0088  -0.0088   0.0176  -0.0040   0.4699   0.0131  -0.4746 
0.600   0.0228  -0.0045   0.0114  -0.0114   0.0228  -0.0045   0.4624   0.0167  -0.4689 
0.650   0.0294  -0.0049   0.0147  -0.0147   0.0294  -0.0049   0.4526   0.0213  -0.4618 
0.700   0.0378  -0.0053   0.0189  -0.0189   0.0378  -0.0053   0.4403   0.0273  -0.4530 
0.750   0.0485  -0.0056   0.0242  -0.0242   0.0485  -0.0056   0.4246   0.0348  -0.4421 
0.800   0.0619  -0.0057   0.0309  -0.0309   0.0619  -0.0057   0.4050   0.0441  -0.4288 
0.850   0.0785  -0.0056   0.0392  -0.0392   0.0785  -0.0056   0.3807   0.0558  -0.4128 
0.900   0.0986  -0.0050   0.0493  -0.0493   0.0986  -0.0050   0.3510   0.0699  -0.3937 
0.950   0.1227  -0.0039   0.0613  -0.0613   0.1227  -0.0039   0.3155   0.0868  -0.3715 
1.000   0.1506  -0.0021   0.0753  -0.0753   0.1506  -0.0021   0.2740   0.1065  -0.3464 

